Intercept: [-4.61373892]
Coefficients: [[1.36542016 1.87797591]]
Accuracy: 0.93
AUC: 0.9761029411764706